68
124778
155513
2103
56176
33471
743
845
63372
1042
188873
43263
1416
105882
122507
209757
140824
226077
166400
2113
78237
10482
96857
246301
2726
160652
83964
3118
166100
3355
3499
32061
1551
10076
4077
192140
65596
71500
75863
104711
57450
238332
5031
29895
5339
5498
67332
66518
164450
47198
27139
98076
173960
6725
9623
145307
7214
7323
65076
1393
7667
7833
8004
8172
8352
8531
86649
8864
226306
243696
78225
237676
9667
9850
112526
92154
10399
37154
5515
10784
10932
215209
77710
215729
183166
160481
206353
20892
154817
241129
37398
216893
37208
192745
6391
13861
111948
14201
207031
176094
92527
14871
117726
15290
17221
176606
166334
16142
1830
124153
16763
103672
17213
16138
60432
51597
257409
195235
18440
18610
160891
19024
19255
31173
79719
44075
20193
20415
20618
167505
21096
75596
38303
131923
165070
226869
114752
22747
58852
232535
180461
23577
116142
246941
230557
24595
59454
25088
25311
253698
25829
26085
26359
31735
89116
27160
27411
213095
27826
181136
255192
28530
103828
29069
245250
125629
29899
169173
253737
197179
30962
38792
15179
76297
31927
130682
32491
18080
127384
37013
33424
155109
34001
1034
34589
131478
35179
102960
7130
238577
143541
36618
114340
198517
91668
80518
38144
237634
119218
38889
102929
236921
39774
40082
40402
56169
41032
111131
26318
59614
35412
42571
60067
87760
10465
134705
201225
15716
44732
1167
100679
86538
45947
101423
46615
160032
137179
110593
47910
48244
149496
48924
12267
49621
49966
114049
50650
126672
51225
5601
51823
52169
214463
52868
53228
32218
53938
54280
61033
54957
122473
234746
100946
56414
10634
57152
35733
119190
58118
58428
26913
59122
138563
42117
78887
60620
60991
61353
61696
153383
184201
62830
122524
176413
90456
98169
64756
65085
128856
128543
255091
29819
68816
49301
15645
14536
68161
85150
214669
69300
69704
70100
65207
70917
166573
105465
58250
3545
149037
133298
73539
52644
121846
74764
102541
75603
140276
76416
76799
140083
77637
238267
78487
24402
14307
15143
31919
247752
80914
108147
221752
82098
67102
82957
151779
65054
84267
80339
85092
81656
166157
86406
218551
2464
87748
6972
104828
124870
107152
90662
50598
238033
91102
91550
27523
106079
92920
205201
30963
94239
94703
22519
23169
96096
114088
61417
97485
134682
98300
42565
24860
99604
256697
73978
101023
143522
56119
49276
76496
196963
103836
100952
28575
105289
17095
43317
106738
235178
209260
108023
108471
222673
109448
235330
7608
207831
3905
111908
112371
126278
193670
113865
9674
114492
114997
155094
25423
84523
116896
126577
117814
1476
76581
119339
188056
27983
120889
88360
121874
122388
122912
18554
8273
124485
91247
68280
68678
235429
126989
198185
127947
207801
86020
129532
130072
84926
108854
27011
132167
35827
166
133781
134335
60456
217281
9946
136507
136996
8875
227338
47538
148093
139577
140125
140685
141244
637
142337
142860
143414
143978
82650
108572
62281
112601
146809
85233
79119
64841
148885
261155
149979
9139
234211
120066
152277
222509
104394
184721
107008
109249
155687
46628
156864
78269
158042
3709
215924
159668
252822
148732
85670
152008
162511
255399
53089
164301
164883
197524
220834
225548
167240
229036
86452
169062
41373
170266
55712
171361
171911
38844
173085
201897
108665
174924
181423
176154
176756
129760
90538
89877
179193
246010
110521
60047
181199
118376
133435
182945
179617
93637
48716
185360
104393
186628
255815
110962
2332
195612
26402
173390
30338
154399
192334
27875
193632
194263
33899
195438
61292
241646
197282
82735
52194
199241
88910
163421
142121
201816
16589
203134
234100
85415
205127
205792
74489
207116
57187
115668
103835
148133
154686
63764
245323
212254
174394
73157
214266
214909
198921
216267
216943
62920
218320
219005
76485
90937
220998
221624
222254
117398
84362
224279
246609
152529
226366
120850
225661
228402
156558
229800
230496
254159
231913
232618
233331
234022
107905
76435
235967
36816
237341
66014
238760
49579
240199
31834
241612
242295
243009
243733
1713
245183
245906
246631
243281
213305
248744
249410
250080
98211
251494
29701
252953
253693
46939
255163
4614
256588
257322
35802
258802
258929
259672
260417
4778
7793
57686
84837
1822
96214
146294
72082
4775
5535
151091
12159
7787
140682
9264
50619
134580
53973
218925
123794
238489
14610
244565
16025
261362
17463
179156
129136
19768
20548
21327
102197
50773
23603
230422
25161
93172
63521
77141
194034
29092
204123
30592
31318
32048
92135
33582
34373
234463
54266
36760
12099
81816
39096
39890
40694
193944
42304
134539
43912
44725
57485
46265
47011
47761
58787
59880
57278
72680
51774
52593
186099
33577
97995
48531
56627
179636
104086
190821
59925
86263
135816
62338
63104
178875
64662
212323
149970
164858
85530
68826
53808
96412
93246
72116
57457
10626
118224
75493
103465
221306
121379
78811
176108
31690
130775
40735
11906
256383
98414
84722
85573
117839
87238
84619
87654
89812
90686
130888
92414
93287
195351
94947
95753
96563
60619
98257
99128
99996
15128
101755
118857
31733
151869
105205
73519
156226
107859
108742
109627
110520
79581
112220
26782
78948
114724
146132
41528
198413
